25 0.0333952559894
26 0.0334161181195
27 0.0330333870093
28 0.0330633489603
29 0.0332256478355
30 0.0329764450631
31 0.0329897523816
32 0.0327492960698
33 0.0327654851347
34 0.0325920978898
35 0.0325330896472
36 0.0325346919694
37 0.0324576320059
38 0.0323803989969
39 0.0324515066172
40 0.0322931575578
41 0.0322681314679
42 0.0323078332887
43 0.0322248459719
44 0.0321293882911
45 0.0321175880917
46 0.0320339210403
47 0.0322341756572
48 0.0320230502766
49 0.0319556444359
50 0.0319620282767
51 0.0319475618743
52 0.0319155826064
53 0.0318953287147
54 0.0317406268121
55 0.0319473197218
56 0.0318099388128
57 0.0316924191913
58 0.0318885945576
59 0.0318138754432
60 0.0317393034993
61 0.0316734028915
62 0.0316821943787
63 0.0317098187346
64 0.0317642202388
65 0.0317350180017
66 0.0314649048358
67 0.0316130660569
68 0.0315178157653
69 0.0316537863799
70 0.0315681324448
71 0.0316154989331
72 0.0315424744746
73 0.0315059061534
74 0.0315273145625
75 0.0317195748225
76 0.0314671464722
77 0.0314716883969
78 0.0315151813072
79 0.0314955405625


Error for ct:  0.031485015397
Error for ny:  0.0397151505418
Error for ca:  0.0337340703462
Error for mt:  0.0664082808412


79 trees


Linear regression

Error ct:  0.0289162733837
Error ny:  0.047018664567
Error ca:  0.0351268085334
Error mt:  0.088955738493



country code
[[0.095138997637824019, '009'], [0.09571002648967511, '097'], [0.10635627024418233, '049'], [0.10657147764144916, '123'], [0.10660545651424203, '077'], [0.10708016068335813, '025'], [0.10883905176536857, '017'], [0.111050974957451, '003'], [0.11349735494302644, '095'], [0.13588796464149869, '041']]
dealing with ca...
calculating MSE for ca...
ca..
[[0.083010504119147968, '027'], [0.086920935845508585, '045'], [0.087279832036242427, '105'], [0.088423609236526493, '023'], [0.090765141012223466, '035'], [0.09220141971166973, '033'], [0.10041263949495155, '003'], [0.10153327126806813, '063'], [0.11158637217716787, '093'], [0.12742915219576989, '049']]



feature importances
[ 0.03715311  0.0920325   0.03551284  0.03584824  0.00404216  0.00066692
  0.00457997  0.03315785  0.01806685  0.03193636  0.01706961  0.01272816
  0.01329133  0.01711419  0.02273351  0.0323845   0.02761417  0.12024425
  0.03917226  0.03117049  0.00640737  0.00064662  0.00982463  0.04472914
  0.02925293  0.02561536  0.02262616  0.03121968  0.03182872  0.02848009
  0.05120127  0.00770196  0.02765915  0.01412886  0.01963923  0.0021125
  0.02040706]

